rx
1 0
0.23333333333333336
rx
1 1
0.23333333333333336
rx
1 2
0.23333333333333336
rx
1 3
0.23333333333333336
rx
1 4
0.23333333333333336
rx
1 5
0.23333333333333336
rx
1 6
0.23333333333333336
rx
1 7
0.23333333333333336
rx
1 8
0.23333333333333336
rzz
2 0 1
0.5333333333333333
rzz
2 3 4
0.5333333333333333
rzz
2 7 8
0.5333333333333333
rzz
2 2 5
0.5333333333333333
rzz
2 0 3
0.5333333333333333
rzz
2 4 5
0.5333333333333333
rzz
2 6 7
0.5333333333333333
rzz
2 1 2
0.5333333333333333
rzz
2 4 7
0.5333333333333333
rzz
2 5 8
0.5333333333333333
rzz
2 3 6
0.5333333333333333
rzz
2 1 4
0.5333333333333333
rx
1 0
0.6000000000000001
rx
1 1
0.6000000000000001
rx
1 2
0.6000000000000001
rx
1 3
0.6000000000000001
rx
1 4
0.6000000000000001
rx
1 5
0.6000000000000001
rx
1 6
0.6000000000000001
rx
1 7
0.6000000000000001
rx
1 8
0.6000000000000001
rzz
2 0 1
-0.5333333333333333
rzz
2 3 4
-0.5333333333333333
rzz
2 7 8
-0.5333333333333333
rzz
2 2 5
-0.5333333333333333
rzz
2 0 3
-0.5333333333333333
rzz
2 4 5
-0.5333333333333333
rzz
2 6 7
-0.5333333333333333
rzz
2 1 2
-0.5333333333333333
rzz
2 4 7
-0.5333333333333333
rzz
2 5 8
-0.5333333333333333
rzz
2 3 6
-0.5333333333333333
rzz
2 1 4
-0.5333333333333333
rx
1 0
-0.03333333333333333
rx
1 1
-0.03333333333333333
rx
1 2
-0.03333333333333333
rx
1 3
-0.03333333333333333
rx
1 4
-0.03333333333333333
rx
1 5
-0.03333333333333333
rx
1 6
-0.03333333333333333
rx
1 7
-0.03333333333333333
rx
1 8
-0.03333333333333333
rzz
2 0 1
0.8
rzz
2 3 4
0.8
rzz
2 7 8
0.8
rzz
2 2 5
0.8
rzz
2 0 3
0.8
rzz
2 4 5
0.8
rzz
2 6 7
0.8
rzz
2 1 2
0.8
rzz
2 4 7
0.8
rzz
2 5 8
0.8
rzz
2 3 6
0.8
rzz
2 1 4
0.8
rx
1 0
0.23333333333333336
rx
1 1
0.23333333333333336
rx
1 2
0.23333333333333336
rx
1 3
0.23333333333333336
rx
1 4
0.23333333333333336
rx
1 5
0.23333333333333336
rx
1 6
0.23333333333333336
rx
1 7
0.23333333333333336
rx
1 8
0.23333333333333336
rzz
2 0 1
0.5333333333333333
rzz
2 3 4
0.5333333333333333
rzz
2 7 8
0.5333333333333333
rzz
2 2 5
0.5333333333333333
rzz
2 0 3
0.5333333333333333
rzz
2 4 5
0.5333333333333333
rzz
2 6 7
0.5333333333333333
rzz
2 1 2
0.5333333333333333
rzz
2 4 7
0.5333333333333333
rzz
2 5 8
0.5333333333333333
rzz
2 3 6
0.5333333333333333
rzz
2 1 4
0.5333333333333333
rx
1 0
0.6000000000000001
rx
1 1
0.6000000000000001
rx
1 2
0.6000000000000001
rx
1 3
0.6000000000000001
rx
1 4
0.6000000000000001
rx
1 5
0.6000000000000001
rx
1 6
0.6000000000000001
rx
1 7
0.6000000000000001
rx
1 8
0.6000000000000001
rzz
2 0 1
-0.5333333333333333
rzz
2 3 4
-0.5333333333333333
rzz
2 7 8
-0.5333333333333333
rzz
2 2 5
-0.5333333333333333
rzz
2 0 3
-0.5333333333333333
rzz
2 4 5
-0.5333333333333333
rzz
2 6 7
-0.5333333333333333
rzz
2 1 2
-0.5333333333333333
rzz
2 4 7
-0.5333333333333333
rzz
2 5 8
-0.5333333333333333
rzz
2 3 6
-0.5333333333333333
rzz
2 1 4
-0.5333333333333333
rx
1 0
-0.03333333333333333
rx
1 1
-0.03333333333333333
rx
1 2
-0.03333333333333333
rx
1 3
-0.03333333333333333
rx
1 4
-0.03333333333333333
rx
1 5
-0.03333333333333333
rx
1 6
-0.03333333333333333
rx
1 7
-0.03333333333333333
rx
1 8
-0.03333333333333333
rzz
2 0 1
0.8
rzz
2 3 4
0.8
rzz
2 7 8
0.8
rzz
2 2 5
0.8
rzz
2 0 3
0.8
rzz
2 4 5
0.8
rzz
2 6 7
0.8
rzz
2 1 2
0.8
rzz
2 4 7
0.8
rzz
2 5 8
0.8
rzz
2 3 6
0.8
rzz
2 1 4
0.8
rx
1 0
0.23333333333333336
rx
1 1
0.23333333333333336
rx
1 2
0.23333333333333336
rx
1 3
0.23333333333333336
rx
1 4
0.23333333333333336
rx
1 5
0.23333333333333336
rx
1 6
0.23333333333333336
rx
1 7
0.23333333333333336
rx
1 8
0.23333333333333336
rzz
2 0 1
0.5333333333333333
rzz
2 3 4
0.5333333333333333
rzz
2 7 8
0.5333333333333333
rzz
2 2 5
0.5333333333333333
rzz
2 0 3
0.5333333333333333
rzz
2 4 5
0.5333333333333333
rzz
2 6 7
0.5333333333333333
rzz
2 1 2
0.5333333333333333
rzz
2 4 7
0.5333333333333333
rzz
2 5 8
0.5333333333333333
rzz
2 3 6
0.5333333333333333
rzz
2 1 4
0.5333333333333333
rx
1 0
0.6000000000000001
rx
1 1
0.6000000000000001
rx
1 2
0.6000000000000001
rx
1 3
0.6000000000000001
rx
1 4
0.6000000000000001
rx
1 5
0.6000000000000001
rx
1 6
0.6000000000000001
rx
1 7
0.6000000000000001
rx
1 8
0.6000000000000001
rzz
2 0 1
-0.5333333333333333
rzz
2 3 4
-0.5333333333333333
rzz
2 7 8
-0.5333333333333333
rzz
2 2 5
-0.5333333333333333
rzz
2 0 3
-0.5333333333333333
rzz
2 4 5
-0.5333333333333333
rzz
2 6 7
-0.5333333333333333
rzz
2 1 2
-0.5333333333333333
rzz
2 4 7
-0.5333333333333333
rzz
2 5 8
-0.5333333333333333
rzz
2 3 6
-0.5333333333333333
rzz
2 1 4
-0.5333333333333333
rx
1 0
-0.03333333333333333
rx
1 1
-0.03333333333333333
rx
1 2
-0.03333333333333333
rx
1 3
-0.03333333333333333
rx
1 4
-0.03333333333333333
rx
1 5
-0.03333333333333333
rx
1 6
-0.03333333333333333
rx
1 7
-0.03333333333333333
rx
1 8
-0.03333333333333333
rzz
2 0 1
0.8
rzz
2 3 4
0.8
rzz
2 7 8
0.8
rzz
2 2 5
0.8
rzz
2 0 3
0.8
rzz
2 4 5
0.8
rzz
2 6 7
0.8
rzz
2 1 2
0.8
rzz
2 4 7
0.8
rzz
2 5 8
0.8
rzz
2 3 6
0.8
rzz
2 1 4
0.8
rx
1 0
0.23333333333333336
rx
1 1
0.23333333333333336
rx
1 2
0.23333333333333336
rx
1 3
0.23333333333333336
rx
1 4
0.23333333333333336
rx
1 5
0.23333333333333336
rx
1 6
0.23333333333333336
rx
1 7
0.23333333333333336
rx
1 8
0.23333333333333336
rzz
2 0 1
0.5333333333333333
rzz
2 3 4
0.5333333333333333
rzz
2 7 8
0.5333333333333333
rzz
2 2 5
0.5333333333333333
rzz
2 0 3
0.5333333333333333
rzz
2 4 5
0.5333333333333333
rzz
2 6 7
0.5333333333333333
rzz
2 1 2
0.5333333333333333
rzz
2 4 7
0.5333333333333333
rzz
2 5 8
0.5333333333333333
rzz
2 3 6
0.5333333333333333
rzz
2 1 4
0.5333333333333333
rx
1 0
0.6000000000000001
rx
1 1
0.6000000000000001
rx
1 2
0.6000000000000001
rx
1 3
0.6000000000000001
rx
1 4
0.6000000000000001
rx
1 5
0.6000000000000001
rx
1 6
0.6000000000000001
rx
1 7
0.6000000000000001
rx
1 8
0.6000000000000001
rzz
2 0 1
-0.5333333333333333
rzz
2 3 4
-0.5333333333333333
rzz
2 7 8
-0.5333333333333333
rzz
2 2 5
-0.5333333333333333
rzz
2 0 3
-0.5333333333333333
rzz
2 4 5
-0.5333333333333333
rzz
2 6 7
-0.5333333333333333
rzz
2 1 2
-0.5333333333333333
rzz
2 4 7
-0.5333333333333333
rzz
2 5 8
-0.5333333333333333
rzz
2 3 6
-0.5333333333333333
rzz
2 1 4
-0.5333333333333333
rx
1 0
-0.03333333333333333
rx
1 1
-0.03333333333333333
rx
1 2
-0.03333333333333333
rx
1 3
-0.03333333333333333
rx
1 4
-0.03333333333333333
rx
1 5
-0.03333333333333333
rx
1 6
-0.03333333333333333
rx
1 7
-0.03333333333333333
rx
1 8
-0.03333333333333333
rzz
2 0 1
0.8
rzz
2 3 4
0.8
rzz
2 7 8
0.8
rzz
2 2 5
0.8
rzz
2 0 3
0.8
rzz
2 4 5
0.8
rzz
2 6 7
0.8
rzz
2 1 2
0.8
rzz
2 4 7
0.8
rzz
2 5 8
0.8
rzz
2 3 6
0.8
rzz
2 1 4
0.8
rx
1 0
0.23333333333333336
rx
1 1
0.23333333333333336
rx
1 2
0.23333333333333336
rx
1 3
0.23333333333333336
rx
1 4
0.23333333333333336
rx
1 5
0.23333333333333336
rx
1 6
0.23333333333333336
rx
1 7
0.23333333333333336
rx
1 8
0.23333333333333336
rzz
2 0 1
0.5333333333333333
rzz
2 3 4
0.5333333333333333
rzz
2 7 8
0.5333333333333333
rzz
2 2 5
0.5333333333333333
rzz
2 0 3
0.5333333333333333
rzz
2 4 5
0.5333333333333333
rzz
2 6 7
0.5333333333333333
rzz
2 1 2
0.5333333333333333
rzz
2 4 7
0.5333333333333333
rzz
2 5 8
0.5333333333333333
rzz
2 3 6
0.5333333333333333
rzz
2 1 4
0.5333333333333333
rx
1 0
0.6000000000000001
rx
1 1
0.6000000000000001
rx
1 2
0.6000000000000001
rx
1 3
0.6000000000000001
rx
1 4
0.6000000000000001
rx
1 5
0.6000000000000001
rx
1 6
0.6000000000000001
rx
1 7
0.6000000000000001
rx
1 8
0.6000000000000001
rzz
2 0 1
-0.5333333333333333
rzz
2 3 4
-0.5333333333333333
rzz
2 7 8
-0.5333333333333333
rzz
2 2 5
-0.5333333333333333
rzz
2 0 3
-0.5333333333333333
rzz
2 4 5
-0.5333333333333333
rzz
2 6 7
-0.5333333333333333
rzz
2 1 2
-0.5333333333333333
rzz
2 4 7
-0.5333333333333333
rzz
2 5 8
-0.5333333333333333
rzz
2 3 6
-0.5333333333333333
rzz
2 1 4
-0.5333333333333333
rx
1 0
-0.03333333333333333
rx
1 1
-0.03333333333333333
rx
1 2
-0.03333333333333333
rx
1 3
-0.03333333333333333
rx
1 4
-0.03333333333333333
rx
1 5
-0.03333333333333333
rx
1 6
-0.03333333333333333
rx
1 7
-0.03333333333333333
rx
1 8
-0.03333333333333333
rzz
2 0 1
0.8
rzz
2 3 4
0.8
rzz
2 7 8
0.8
rzz
2 2 5
0.8
rzz
2 0 3
0.8
rzz
2 4 5
0.8
rzz
2 6 7
0.8
rzz
2 1 2
0.8
rzz
2 4 7
0.8
rzz
2 5 8
0.8
rzz
2 3 6
0.8
rzz
2 1 4
0.8
